1, 0.749527, 1, 1, 
0.983359, 0.828805, 0.940893, 0.997557, 
0.927985, 0.553781, 0.864664, 0.993699, 
0.873136, 0.649738, 0.812235, 0.951317, 
0.859438, 0.500378, 0.776136, 0.864383, 
0.797566, 0.546494, 0.769126, 0.816549, 
0.814128, 0.805926, 0.27071, 0.812031, 
0.788018, 0.796789, 0.686493, 0.810107, 
0.729018, 0.814249, 0.6605, 0.79169, 
0.745906, 0.595028, 0.646443, 0.778938, 
0.616351, 0.605512, 0.485733, 0.760015, 
0.608845, 0.502561, 0.529362, 0.750328, 
0.56767, 0.69709, 0.529563, 0.73642, 
0.556352, 0.741847, 0.535552, 0.698565, 
0.725394, 0.85711, 0.543708, 0.689698, 
0.692617, 0.671338, 0.554864, 0.67573, 
0.471808, 0.665757, 0.560312, 0.660521, 
0.572468, 0.794312, 0.598948, 0.652081, 
0.554881, 0.625122, 0.625116, 0.646342, 
0.52265, 0.840503, 0, 0.638592, 
0.461169, 0.623433, 0.633053, 0.616212, 
0.474084, 0.841923, 0.635327, 0.578966, 
0.447505, 0.672246, 0.64292, 0.573969, 
0.408424, 0.578996, 0.645992, 0.565552, 
0.465947, 0.543574, 0.297964, 0.564605, 
0.39108, 0.764065, 0.292427, 0.558636, 
0.455574, 0.789157, 0.284134, 0.549946, 
0.436093, 0.700069, 0.748613, 0.546173, 
0.399467, 1, 0.250429, 0.537196, 
0.396769, 0.837864, 0.227092, 0.525349, 
0.374931, 0.633146, 0.193163, 0.519799, 
0.369741, 0.836056, 0.186989, 0.507035, 
0.383485, 0.707488, 0.0976829, 0.506746, 
0.335617, 0.564249, 0.454943, 0.50337, 
0.280776, 0.863388, 0.44681, 0.503027, 
0.278284, 0.465642, 0.435618, 0.501813, 
0.173353, 0.695644, 0.426311, 0.471795, 
0.266527, 0.28078, 0.417626, 0.467847, 
0.122345, 0.361071, 0.39269, 0.422492, 
0.233194, 0.454334, 0.370931, 0.42133, 
0.173901, 0.64905, 0.36626, 0.406945, 
0.168691, 0.463799, 0.348614, 0.40465, 
0.142976, 0.526646, 0.313705, 0.371881, 
0.0937757, 0.697429, 0.0753187, 0.362833, 
0.134127, 0.847577, 0.0600587, 0.339123, 
0.0060492, 0.679748, 0.0040356, 0.337696, 
0.00795565, 0.634104, 0.629768, 0.257413, 
0, 0.741474, 0, 0.221363, 
0.00327821, 0.283298, 0, 0.185546, 
0, 0.640496, 0.0957494, 0.0763615, 
