0,	0.0384656,	0.357275,	0,	0.02437,	0.000593897
1,	0.0575979,	0.385547,	0,	0.0660202,	0.00435866
2,	0.65798,	0.607023,	1,	1.00562,	3.15831e-05
3,	0.603833,	0.572919,	1,	0.915577,	0.00712718
4,	0.693417,	0.554576,	1,	1.02984,	0.000890621
5,	0.338055,	0.464795,	1,	0.496175,	0.253839
6,	0.0345874,	0.411838,	0,	0.0480666,	0.0023104
7,	0.0393688,	0.369675,	0,	0.03226,	0.00104071
8,	0.0483598,	0.384177,	0,	0.0524724,	0.00275335
9,	0.6762,	0.761992,	1,	1.09793,	0.00959126
10,	0.0426242,	0.402934,	0,	0.0544834,	0.00296844
11,	0.0429312,	0.368017,	0,	0.0363192,	0.00131908
12,	0.553713,	0.46004,	1,	0.792097,	0.0432238
13,	0.0439489,	0.402633,	0,	0.0561597,	0.00315391
14,	0.0546669,	0.398516,	0,	0.0688379,	0.00473866
15,	0.566854,	0.657986,	1,	0.9038,	0.00925449
16,	0.0481324,	0.396587,	0,	0.0587528,	0.0034519
17,	0.0363291,	0.380369,	0,	0.0337512,	0.00113915
18,	0.0239705,	0.409226,	0,	0.0319748,	0.00102239
19,	0.032989,	0.364904,	0,	0.0208511,	0.00043477
20,	0.0316461,	0.37513,	0,	0.0244561,	0.0005981
21,	0.0509532,	0.382769,	0,	0.0553219,	0.00306051
22,	0.0407967,	0.398131,	0,	0.0494009,	0.00244045
23,	0.0205226,	0.382526,	0,	0.0129771,	0.000168406
24,	0.0429849,	0.388145,	0,	0.0471275,	0.002221
25,	0.669527,	0.586276,	1,	1.0119,	0.000141577
26,	0.0367937,	0.341744,	0,	0.0137111,	0.000187995
27,	0.698908,	0.249295,	1,	0.882687,	0.0137622
28,	0.0386521,	0.382844,	0,	0.0382937,	0.00146641
29,	0.0490176,	0.380911,	0,	0.0516465,	0.00266736
30,	0.612346,	0.799715,	1,	1.02646,	0.000700307
31,	0.048764,	0.384069,	0,	0.0529758,	0.00280643
32,	0.0445249,	0.397819,	0,	0.0544046,	0.00295986
33,	0.0507811,	0.39855,	0,	0.0634673,	0.00402809
34,	0.5452,	0.573679,	1,	0.835335,	0.0271145
35,	0.0526348,	0.401926,	0,	0.0678274,	0.00460056
36,	0.0441595,	0.377618,	0,	0.0431496,	0.00186189
37,	0.0351611,	0.349052,	0,	0.0153685,	0.000236191
38,	0.0248558,	0.421597,	0,	0.0397582,	0.00158072
39,	0.0323909,	0.386624,	0,	0.0316229,	0.00100001
40,	0.508404,	0.271731,	1,	0.632277,	0.13522
41,	0.0353489,	0.363124,	0,	0.0231745,	0.000537058
42,	0.0396475,	0.39888,	0,	0.0482055,	0.00232377
43,	0.0747262,	0.38487,	0,	0.0894347,	0.00799856
44,	0.0520087,	0.375175,	0,	0.0527424,	0.00278176
45,	0.0451007,	0.373806,	0,	0.0424228,	0.00179969
46,	0.0340874,	0.378335,	0,	0.0295553,	0.000873515
47,	0.0452211,	0.374865,	0,	0.0431549,	0.00186234
48,	0.571877,	0.58877,	1,	0.879077,	0.0146224
49,	0.0457538,	0.357321,	0,	0.0345179,	0.00119149
50,	0.518874,	0.65025,	1,	0.834506,	0.0273883
51,	0.490647,	0.691922,	1,	0.814478,	0.0344186
52,	0.642539,	0.585042,	1,	0.974342,	0.000658319
53,	0.711347,	0.403332,	1,	0.98047,	0.00038143
54,	0.656243,	0.572218,	1,	0.987168,	0.000164649
55,	0.636534,	0.574428,	1,	0.961171,	0.00150771
56,	0.0322137,	0.356891,	0,	0.0154809,	0.000239659
57,	0.675052,	0.408513,	1,	0.933309,	0.00444764
58,	0.0403329,	0.391999,	0,	0.0454993,	0.00207019
59,	0.0239348,	0.381861,	0,	0.017354,	0.00030116
60,	0.60979,	0.681708,	1,	0.973118,	0.000722644
61,	0.601721,	0.363387,	1,	0.809347,	0.0363486
62,	0.687543,	0.702446,	1,	1.08833,	0.00780261
63,	0.0395513,	0.361207,	0,	0.0279836,	0.000783081
64,	0.0242426,	0.374617,	0,	0.0139095,	0.000193474
65,	0.0298508,	0.380589,	0,	0.0248808,	0.000619056
66,	0.0388138,	0.392602,	0,	0.0437134,	0.00191086
67,	0.0391214,	0.372645,	0,	0.0335031,	0.00112246
68,	0.0347326,	0.375861,	0,	0.0291298,	0.000848546
69,	0.0387382,	0.371634,	0,	0.0324312,	0.00105179
70,	0.0562807,	0.348016,	0,	0.0441616,	0.00195024
71,	0.531861,	0.61057,	1,	0.834193,	0.0274918
72,	0.0291148,	0.392988,	0,	0.0304705,	0.000928454
73,	0.718931,	0.635559,	1,	1.10187,	0.0103765
74,	0.0475283,	0.387159,	0,	0.0529055,	0.00279899
75,	0.0536285,	0.378591,	0,	0.0568105,	0.00322743
76,	0.589832,	0.13121,	1,	0.668076,	0.110173
77,	0.0450811,	0.409731,	0,	0.06149,	0.00378102
78,	0.660543,	0.709339,	1,	1.05445,	0.00296519
79,	0.0526842,	0.374836,	0,	0.053499,	0.00286215
80,	0.0519284,	0.395532,	0,	0.0634575,	0.00402685
81,	0.052884,	0.379324,	0,	0.0561676,	0.0031548
82,	0.071606,	0.367508,	0,	0.0758716,	0.0057565
83,	0.703488,	0.519013,	1,	1.02677,	0.000716383
84,	0.771872,	0.76054,	1,	1.22736,	0.0516926
85,	0.668977,	0.493762,	1,	0.967269,	0.00107133
86,	0.0452307,	0.393333,	0,	0.0530006,	0.00280907
87,	0.0481522,	0.39823,	0,	0.059652,	0.00355836
88,	0.651062,	0.455812,	1,	0.924044,	0.00576937
89,	0.0401487,	0.403432,	0,	0.0513164,	0.00263338
90,	0.0600641,	0.401787,	0,	0.0780555,	0.00609265
91,	0.0296015,	0.386897,	0,	0.0279003,	0.000778427
92,	0.0425339,	0.382158,	0,	0.0433139,	0.00187609
93,	0.772595,	0.541118,	1,	1.13174,	0.017355
94,	0.0382961,	0.385267,	0,	0.0390909,	0.0015281
95,	0.0261961,	0.349001,	0,	0.00288713,	8.3355e-06
96,	0.039499,	0.405951,	0,	0.0517516,	0.00267823
97,	0.0514505,	0.380122,	0,	0.0546029,	0.00298148
98,	0.0286158,	0.405643,	0,	0.0365074,	0.00133279
99,	0.0352805,	0.408442,	0,	0.047227,	0.00223039
100,	0.0488083,	0.369153,	0,	0.0450861,	0.00203276
101,	0.0503626,	0.353052,	0,	0.0386352,	0.00149268
102,	0.0529389,	0.391078,	0,	0.0624945,	0.00390556
103,	0.0530653,	0.375163,	0,	0.0542023,	0.00293789
104,	0.751079,	0.630304,	1,	1.14338,	0.0205569
105,	0.0344466,	0.37932,	0,	0.0305793,	0.000935095
106,	0.711567,	0.714682,	1,	1.1263,	0.0159514
107,	0.452684,	0.408868,	1,	0.626681,	0.139367
108,	0.0344537,	0.370253,	0,	0.0257461,	0.00066286
109,	0.0482186,	0.354645,	0,	0.0365094,	0.00133293
110,	0.551986,	0.673649,	1,	0.890413,	0.0120092
111,	0.0480438,	0.372647,	0,	0.0458896,	0.00210585
112,	0.0483013,	0.377764,	0,	0.0489758,	0.00239863
113,	0.489435,	0.50698,	1,	0.7265,	0.0748021
114,	0.0353887,	0.365353,	0,	0.0244229,	0.000596477
115,	0.690548,	0.589267,	1,	1.04206,	0.00176891
116,	0.598637,	0.624479,	1,	0.93225,	0.00459007
117,	0.0511931,	0.400417,	0,	0.0650286,	0.00422872
118,	0.613218,	0.391721,	1,	0.839736,	0.0256845
119,	0.0478213,	0.396422,	0,	0.0582341,	0.00339121
120,	0.788417,	0.565936,	1,	1.16493,	0.0272013
121,	0.0337358,	0.371111,	0,	0.0252085,	0.000635469
122,	0.0299916,	0.388594,	0,	0.0293456,	0.000861166
123,	0.827845,	0.472392,	1,	1.17398,	0.0302701
124,	0.662998,	0.820373,	1,	1.10358,	0.0107279
125,	0.847156,	0.715263,	1,	1.31073,	0.0965502
126,	0.79956,	0.52657,	1,	1.16161,	0.0261186
127,	0.510986,	0.525336,	1,	0.765152,	0.0551534
128,	0.789537,	0.579365,	1,	1.17267,	0.0298137
129,	0.636667,	0.716468,	1,	1.02492,	0.000620949
130,	0.0322108,	0.384069,	0,	0.0300111,	0.000900668
131,	0.0527148,	0.363765,	0,	0.0476335,	0.00226895
132,	0.744051,	0.207089,	1,	0.921425,	0.00617406
133,	0.0335686,	0.364614,	0,	0.0215004,	0.000462266
134,	0.027079,	0.346391,	0,	0.00271065,	7.34764e-06
135,	0.424864,	0.638382,	1,	0.699945,	0.0900328
136,	0.0167358,	0.375956,	0,	0.00421177,	1.7739e-05
137,	0.468814,	0.701736,	1,	0.788916,	0.0445565
138,	0.0358877,	0.37912,	0,	0.0324724,	0.00105446
139,	0.0592671,	0.385119,	0,	0.0681095,	0.00463891
140,	0.550633,	0.697877,	1,	0.899256,	0.0101493
141,	0.732628,	0.493954,	1,	1.05458,	0.00297863
142,	0.0422354,	0.383848,	0,	0.0438001,	0.00191845
143,	0.634617,	0.300826,	1,	0.821951,	0.0317015
144,	0.913826,	0.755938,	1,	1.4175,	0.174309
145,	0.0289049,	0.407458,	0,	0.0378714,	0.00143424
146,	0.671465,	0.356656,	1,	0.901833,	0.00963684
147,	0.0544436,	0.428064,	0,	0.0841372,	0.00707907
148,	0.751498,	0.653858,	1,	1.1544,	0.0238403
149,	0.0477009,	0.375385,	0,	0.0468741,	0.00219718
150,	0.0362913,	0.414209,	0,	0.0516825,	0.00267108
151,	0.0462623,	0.373601,	0,	0.0439256,	0.00192946
152,	0.0327158,	0.412096,	0,	0.0456106,	0.00208032
153,	0.0567084,	0.398661,	0,	0.0717462,	0.00514752
154,	0.470763,	0.560557,	1,	0.726605,	0.0747447
155,	0.0462309,	0.368641,	0,	0.0412341,	0.00170025
156,	0.535397,	0.638104,	1,	0.851673,	0.0220009
157,	0.0397553,	0.392115,	0,	0.0447598,	0.00200344
158,	0.641551,	0.651224,	1,	1.00309,	9.5236e-06
159,	0.652321,	0.382803,	1,	0.888987,	0.0123238
160,	0.547514,	0.484497,	1,	0.795627,	0.0417683
161,	0.840682,	0.71073,	1,	1.30006,	0.0900337
162,	0.464337,	0.671886,	1,	0.769441,	0.0531576
163,	0.0409527,	0.426277,	0,	0.0645153,	0.00416222
164,	0.415213,	0.490062,	1,	0.615615,	0.147752
165,	0.682672,	0.694291,	1,	1.07818,	0.00611161
166,	0.496753,	0.743328,	1,	0.845292,	0.0239346
167,	0.785684,	0.563743,	1,	1.16018,	0.0256588
168,	0.52006,	0.544918,	1,	0.787078,	0.0453359
169,	0.777796,	0.466786,	1,	1.10304,	0.0106164
170,	0.809586,	0.401655,	1,	1.11384,	0.0129591
171,	0.0494685,	0.394202,	0,	0.0593396,	0.00352119
172,	0.284887,	0.526434,	1,	0.453362,	0.298813
173,	0.0357804,	0.411792,	0,	0.0496947,	0.00246956
174,	0.0293774,	0.379225,	0,	0.0234959,	0.000552058
175,	0.0537409,	0.342716,	0,	0.0377896,	0.00142805
176,	0.0574043,	0.389309,	0,	0.0677504,	0.00459012
177,	0.797693,	0.427127,	1,	1.11049,	0.0122078
178,	0.0463175,	0.415796,	0,	0.0664112,	0.00441045
179,	0.440663,	0.584032,	1,	0.696278,	0.0922471
180,	0.719131,	0.678665,	1,	1.12114,	0.0146743
181,	0.0362815,	0.396136,	0,	0.0420811,	0.00177082
182,	0.651556,	0.494097,	1,	0.943515,	0.00319051
183,	0.0252088,	0.369324,	0,	0.0124179,	0.000154205
184,	0.0364167,	0.396961,	0,	0.0427072,	0.0018239
185,	0.0602028,	0.362077,	0,	0.0571331,	0.0032642
186,	0.0386863,	0.384636,	0,	0.0392961,	0.00154419
187,	0.0379041,	0.365807,	0,	0.0281582,	0.000792886
188,	0.0272601,	0.386712,	0,	0.0245546,	0.000602931
189,	0.781618,	0.748124,	1,	1.2355,	0.0554623
190,	0.591112,	0.544723,	1,	0.88479,	0.0132735
191,	0.803691,	0.760381,	1,	1.27044,	0.0731378
192,	0.55867,	0.548939,	1,	0.842165,	0.024912
193,	0.0613681,	0.373424,	0,	0.0648035,	0.00419949
194,	0.053562,	0.370332,	0,	0.0523165,	0.00273701
195,	0.0528939,	0.370724,	0,	0.0515978,	0.00266234
196,	0.893096,	0.355943,	1,	1.2037,	0.0414944
197,	0.745378,	0.724104,	1,	1.1763,	0.0310801
198,	0.0337445,	0.365548,	0,	0.0222445,	0.000494818
199,	0.0334978,	0.390403,	0,	0.0351713,	0.00123702
200,	0.554695,	0.566018,	1,	0.84479,	0.0240903
201,	0.705754,	0.50139,	1,	1.02139,	0.000457534
202,	0.945317,	0.748551,	1,	1.45693,	0.208787
203,	0.0341993,	0.397862,	0,	0.0401122,	0.00160898
204,	0.603096,	0.633122,	1,	0.942286,	0.00333094
205,	0.693428,	0.293148,	1,	0.898666,	0.0102686
206,	0.0410766,	0.336122,	0,	0.0166408,	0.000276917
207,	0.0578813,	0.373712,	0,	0.0601159,	0.00361392
208,	0.0374064,	0.37463,	0,	0.0321833,	0.00103576
209,	0.0469925,	0.361752,	0,	0.0386099,	0.00149072
210,	0.636564,	0.5007,	1,	0.926127,	0.00545719
211,	0.518113,	0.498151,	1,	0.761764,	0.0567565
212,	0.03943,	0.38421,	0,	0.0401006,	0.00160806
213,	0.648237,	0.681062,	1,	1.02541,	0.000645447
214,	0.410488,	0.625168,	1,	0.674049,	0.106244
215,	0.0448251,	0.391127,	0,	0.0512656,	0.00262816
216,	0.54038,	0.760897,	1,	0.912348,	0.00768288
217,	0.724222,	0.342124,	1,	0.966631,	0.00111352
218,	0.0464512,	0.396969,	0,	0.0566242,	0.0032063
219,	0.0186265,	0.358356,	0,	-0.00259893,	6.75444e-06
220,	0.62186,	0.707364,	1,	1.00079,	6.1848e-07
221,	0.623387,	0.316304,	1,	0.814657,	0.0343519
222,	0.540237,	0.518409,	1,	0.802128,	0.0391531
223,	0.0609167,	0.373414,	0,	0.0641717,	0.00411801
224,	0.617661,	0.565188,	1,	0.930943,	0.00476888
225,	0.607844,	0.727407,	1,	0.990241,	9.52469e-05
226,	0.0498954,	0.396343,	0,	0.0610683,	0.00372933
227,	0.551339,	0.538928,	1,	0.827296,	0.0298266
228,	0.458485,	0.444328,	1,	0.652668,	0.120639
229,	0.0451992,	0.365943,	0,	0.0383602,	0.0014715
230,	0.733597,	0.528826,	1,	1.07265,	0.00527815
231,	0.0499777,	0.360796,	0,	0.0422449,	0.00178463
232,	0.0285643,	0.377388,	0,	0.0213867,	0.000457392
233,	0.0449654,	0.379464,	0,	0.0452522,	0.00204776
234,	0.0292303,	0.37364,	0,	0.0203077,	0.000412401
235,	0.560396,	0.548626,	1,	0.844391,	0.0242141
236,	0.65385,	0.596501,	1,	0.995137,	2.36447e-05
237,	0.0318096,	0.391315,	0,	0.033316,	0.00110995
238,	0.402009,	0.595292,	1,	0.64835,	0.123658
239,	0.699915,	0.553009,	1,	1.038,	0.00144433
240,	0.0535032,	0.402587,	0,	0.0693813,	0.00481377
241,	0.568314,	0.457427,	1,	0.810936,	0.0357452
242,	0.78022,	0.330902,	1,	1.03729,	0.00139033
243,	0.032449,	0.372047,	0,	0.0239228,	0.000572299
244,	0.0562289,	0.370786,	0,	0.0562615,	0.00316536
245,	0.028745,	0.374115,	0,	0.0198884,	0.000395549
246,	0.0151826,	0.381585,	0,	0.00506881,	2.56928e-05
247,	0.775708,	0.544063,	1,	1.13737,	0.0188712
248,	0.0359305,	0.391637,	0,	0.0392015,	0.00153676
249,	0.575369,	0.575813,	1,	0.877825,	0.0149268
250,	0.770128,	0.352145,	1,	1.0346,	0.00119732
251,	0.392503,	0.44283,	1,	0.560542,	0.193123
252,	0.0413936,	0.40759,	0,	0.055246,	0.00305212
253,	0.462648,	0.492102,	1,	0.682205,	0.100994
254,	0.739818,	0.668682,	1,	1.14499,	0.0210212
255,	0.065001,	0.376573,	0,	0.0715245,	0.00511576
256,	0.0547477,	0.388211,	0,	0.0634808,	0.00402981
257,	0.635469,	0.621381,	1,	0.981327,	0.000348675
258,	0.628102,	0.495226,	1,	0.911837,	0.00777265
259,	0.599955,	0.55109,	1,	0.899969,	0.0100062
260,	0.0526403,	0.417016,	0,	0.0758154,	0.00574797
261,	0.0431128,	0.385929,	0,	0.0461254,	0.00212755
262,	0.756996,	0.399572,	1,	1.04103,	0.00168359
263,	0.0543737,	0.400543,	0,	0.0695056,	0.00483103
264,	0.779301,	0.714729,	1,	1.21846,	0.047726
265,	0.589247,	0.641586,	1,	0.927125,	0.00531078
266,	0.669652,	0.568524,	1,	1.00382,	1.46079e-05
267,	0.0226707,	0.395671,	0,	0.0229661,	0.000527444
268,	0.62736,	0.711496,	1,	1.01008,	0.000101575
269,	0.737121,	0.551906,	1,	1.08838,	0.00781035
270,	0.0429913,	0.385195,	0,	0.0455662,	0.00207628
271,	0.482283,	0.556487,	1,	0.740543,	0.067318
272,	0.0488085,	0.412699,	0,	0.0682253,	0.00465469
273,	0.638302,	0.597064,	1,	0.974087,	0.000671466
274,	0.673844,	0.681084,	1,	1.0604,	0.00364776
275,	0.0422609,	0.409507,	0,	0.057463,	0.003302
276,	0.417591,	0.706002,	1,	0.720647,	0.0780383
277,	0.0317858,	0.400337,	0,	0.0380819,	0.00145023
278,	1,	0.375378,	1,	1.35777,	0.128
279,	0.618317,	0.811914,	1,	1.0395,	0.00156056
280,	0.643658,	0.553065,	1,	0.960922,	0.00152711
281,	0.488389,	0.465907,	1,	0.704812,	0.0871359
282,	0.0400219,	0.375336,	0,	0.0361897,	0.00130969
283,	0.76416,	0.75965,	1,	1.21653,	0.0468862
284,	0.0407023,	0.377886,	0,	0.0384945,	0.00148183
285,	0.368283,	0.733215,	1,	0.66526,	0.112051
286,	0.311077,	0.717881,	1,	0.580172,	0.176256
287,	0.0373789,	0.413795,	0,	0.0529696,	0.00280577
288,	0.969986,	0.677697,	1,	1.46067,	0.212217
289,	0.0147575,	0.379597,	0,	0.00341644,	1.1672e-05
290,	0.0230131,	0.35679,	0,	0.00265071,	7.02625e-06
291,	0.678577,	0.768724,	1,	1.10394,	0.010803
292,	0.882275,	0.353962,	1,	1.18803,	0.0353539
293,	0.766058,	0.351769,	1,	1.02885,	0.000832404
294,	0.712387,	0.56902,	1,	1.06256,	0.00391374
295,	0.0439036,	0.39498,	0,	0.0520352,	0.00270766
296,	0.741048,	0.636613,	1,	1.13251,	0.01756
297,	0.0302095,	0.410969,	0,	0.0415411,	0.00172567
298,	0.0413272,	0.37089,	0,	0.0356276,	0.00126932
299,	0.0313993,	0.376996,	0,	0.0251108,	0.000630552
300,	0.48122,	0.494102,	1,	0.708846,	0.0847705
301,	0.0395543,	0.386319,	0,	0.0413968,	0.00171369
302,	0.020938,	0.399829,	0,	0.0227789,	0.000518878
303,	0.480562,	0.562288,	1,	0.740937,	0.0671137
304,	0.487986,	0.468152,	1,	0.70537,	0.0868067
305,	0.457881,	0.545793,	1,	0.701767,	0.0889428
306,	0.633513,	0.691267,	1,	1.00973,	9.47578e-05
307,	0.793219,	0.512246,	1,	1.14614,	0.0213558
308,	0.577169,	0.512529,	1,	0.850158,	0.0224526
309,	0.349039,	0.524624,	1,	0.541153,	0.210541
310,	0.0334992,	0.369019,	0,	0.0237614,	0.000564602
311,	0.0593616,	0.376306,	0,	0.0635527,	0.00403894
312,	0.0305551,	0.379854,	0,	0.0254657,	0.000648502
313,	0.564205,	0.67215,	1,	0.906489,	0.00874432
314,	0.0347568,	0.374904,	0,	0.0286523,	0.000820953
315,	0.0463574,	0.383784,	0,	0.049485,	0.00244876
316,	0.0421892,	0.375438,	0,	0.0392522,	0.00154073
317,	0.673533,	0.702314,	1,	1.06916,	0.00478368
318,	0.0555934,	0.394211,	0,	0.0678401,	0.00460228
319,	0.774016,	0.494491,	1,	1.11139,	0.0124078
320,	0.0484294,	0.411708,	0,	0.0671757,	0.00451258
321,	0.0415556,	0.353446,	0,	0.0266099,	0.000708085
322,	0.0464114,	0.364716,	0,	0.0393875,	0.00155138
323,	0.754676,	0.632764,	1,	1.14938,	0.022314
324,	0.0445855,	0.37327,	0,	0.0414213,	0.00171573
325,	0.767063,	0.595421,	1,	1.1494,	0.0223212
326,	0.550851,	0.512765,	1,	0.814022,	0.0345878
327,	0.611177,	0.40145,	1,	0.84188,	0.025002
328,	0.0440568,	0.404784,	0,	0.0574498,	0.00330048
329,	0.683233,	0.649836,	1,	1.05947,	0.00353644
330,	0.69963,	0.583368,	1,	1.05176,	0.00267944
331,	0.637808,	0.514045,	1,	0.934287,	0.00431816
332,	0.0343676,	0.387033,	0,	0.0345827,	0.00119596
333,	0.778098,	0.438655,	1,	1.08952,	0.00801462
334,	0.839399,	0.539792,	1,	1.22208,	0.0493183
335,	0.519532,	0.402448,	1,	0.715915,	0.0807042
336,	0.515328,	0.587125,	1,	0.800548,	0.0397809
337,	0.0562222,	0.378448,	0,	0.0603348,	0.00364029
338,	0.051855,	0.394911,	0,	0.0630258,	0.00397225
339,	0.0446734,	0.369892,	0,	0.0397402,	0.00157928
340,	0.744026,	0.540237,	1,	1.09232,	0.00852208
341,	0.168241,	0.546295,	1,	0.302147,	0.486999
342,	0.602366,	0.163278,	1,	0.703113,	0.0881417
343,	0.664492,	0.448519,	1,	0.938875,	0.00373631
344,	0.0454554,	0.380477,	0,	0.0464718,	0.00215963
345,	0.6548,	0.492225,	1,	0.94706,	0.00280268
346,	0.633081,	0.493688,	1,	0.917933,	0.00673494
347,	0.0384343,	0.397217,	0,	0.0456402,	0.00208303
348,	0.0378411,	0.35151,	0,	0.0204113,	0.000416622
349,	0.0622401,	0.349371,	0,	0.0531705,	0.00282711
350,	0.0264116,	0.365675,	0,	0.012133,	0.000147209
351,	0.0555711,	0.363469,	0,	0.0514425,	0.00264633
352,	0.024157,	0.378754,	0,	0.0160023,	0.000256073
353,	0.0329315,	0.387928,	0,	0.033068,	0.00109349
354,	0.691895,	0.610045,	1,	1.05341,	0.00285315
355,	0.0578249,	0.388425,	0,	0.0678643,	0.00460557
356,	0.0357021,	0.382406,	0,	0.0339674,	0.00115378
357,	0.0537925,	0.377997,	0,	0.0567219,	0.00321738
358,	0.820153,	0.694729,	1,	1.26546,	0.0704674
359,	0.0257162,	0.355629,	0,	0.00578081,	3.34177e-05
360,	0.0278488,	0.364611,	0,	0.0135584,	0.00018383
361,	0.811142,	0.619602,	1,	1.22037,	0.0485611
362,	0.538708,	0.674371,	1,	0.872538,	0.0162465
363,	0.0366253,	0.387708,	0,	0.0380735,	0.00144959
364,	0.0497435,	0.364799,	0,	0.0440593,	0.00194122
365,	0.0445449,	0.361287,	0,	0.0349615,	0.00122231
366,	0.699318,	0.392307,	1,	0.958374,	0.00173276
367,	0.749155,	0.589584,	1,	1.1223,	0.0149577
368,	0.575936,	0.435678,	1,	0.810591,	0.0358758
369,	0.0167427,	0.368544,	0,	0.000251689,	6.33473e-08
370,	0.0405333,	0.364791,	0,	0.0312653,	0.000977519
371,	0.034714,	0.376222,	0,	0.0292965,	0.000858287
372,	0.741017,	0.328349,	1,	0.98241,	0.000309414
373,	0.794286,	0.612567,	1,	1.19427,	0.0377413
374,	0.0232345,	0.413168,	0,	0.0330472,	0.00109212
375,	0.583275,	0.266642,	1,	0.733028,	0.071274
376,	0.0327063,	0.38463,	0,	0.0309979,	0.000960868
377,	0.718402,	0.470963,	1,	1.02389,	0.000570761
378,	0.681915,	0.513244,	1,	0.994434,	3.09844e-05
379,	0.0360075,	0.374337,	0,	0.0300849,	0.000905099
380,	0.466129,	0.701938,	1,	0.785328,	0.0460842
381,	0.660656,	0.470504,	1,	0.944475,	0.00308306
382,	0.730062,	0.270783,	1,	0.936893,	0.00398252
383,	0.0495336,	0.364115,	0,	0.0434022,	0.00188375
384,	0.0466503,	0.372958,	0,	0.0441213,	0.00194669
385,	0.0427175,	0.380575,	0,	0.0427253,	0.00182545
386,	0.0630248,	0.392506,	0,	0.077245,	0.00596679
387,	0.0285418,	0.389352,	0,	0.0277394,	0.000769473
388,	0.767824,	0.778,	1,	1.22894,	0.0524132
389,	0.0413891,	0.398956,	0,	0.0506603,	0.00256647
390,	0.0463871,	0.366128,	0,	0.0401085,	0.00160869
391,	0.70472,	0.66636,	1,	1.09611,	0.00923646
392,	0.791516,	0.60866,	1,	1.18874,	0.0356213
393,	0.6826,	0.673913,	1,	1.06922,	0.00479139
394,	0.748668,	0.610983,	1,	1.13139,	0.0172638
395,	0.813469,	0.281456,	1,	1.05635,	0.00317494
396,	0.0282656,	0.379783,	0,	0.0222517,	0.000495137
397,	0.0530885,	0.400609,	0,	0.0677584,	0.0045912
398,	0.614597,	0.697726,	1,	0.986688,	0.000177204
399,	0.695156,	0.511835,	1,	1.01191,	0.000141743
400,	0.0402305,	0.425076,	0,	0.0628821,	0.00395415
401,	0.489576,	0.566224,	1,	0.75523,	0.0599124
402,	0.739761,	0.62769,	1,	1.12677,	0.0160705
403,	0.596649,	0.528845,	1,	0.884823,	0.0132658
404,	0.0436192,	0.413528,	0,	0.0614733,	0.00377897
405,	0.574661,	0.574603,	1,	0.876284,	0.0153056
406,	0.0443559,	0.410313,	0,	0.0607932,	0.00369581
407,	0.0378934,	0.405627,	0,	0.0493545,	0.00243587
408,	0.70362,	0.672204,	1,	1.09716,	0.00944097
409,	0.0332158,	0.369783,	0,	0.0237763,	0.000565314
410,	0.0445751,	0.418889,	0,	0.0656316,	0.00430751
411,	0.0363996,	0.398533,	0,	0.0435187,	0.00189387
412,	0.762948,	0.512985,	1,	1.10519,	0.0110653
413,	0.831277,	0.465104,	1,	1.17508,	0.0306515
414,	0.0418816,	0.375924,	0,	0.0390848,	0.00152763
415,	0.491725,	0.563545,	1,	0.756918,	0.0590891
416,	0.0322259,	0.361045,	0,	0.0177249,	0.000314172
417,	0.996464,	0.529554,	1,	1.42953,	0.184497
418,	0.577398,	0.666326,	1,	0.921972,	0.00608839
419,	0.513946,	0.325352,	1,	0.668322,	0.110011
420,	0.724422,	0.531013,	1,	1.06114,	0.00373852
421,	0.638588,	0.500939,	1,	0.929025,	0.0050375
422,	0.0510011,	0.378774,	0,	0.0532612,	0.00283676
423,	0.0512644,	0.382722,	0,	0.0557285,	0.00310567
424,	0.722546,	0.609691,	1,	1.09515,	0.00905292
425,	0.651651,	0.418164,	1,	0.906035,	0.00882947
426,	0.919958,	0.558045,	1,	1.3398,	0.115463
427,	0.679106,	0.453122,	1,	0.961222,	0.00150373
428,	0.729644,	0.360796,	1,	0.983746,	0.000264183
429,	0.06065,	0.404797,	0,	0.0804605,	0.0064739
430,	0.0528744,	0.374115,	0,	0.0533791,	0.00284933
431,	0.0372807,	0.376808,	0,	0.0331713,	0.00110033
432,	0.751754,	0.605116,	1,	1.13294,	0.0176731
433,	0.810869,	0.500874,	1,	1.16472,	0.0271315
434,	0.578072,	0.640329,	1,	0.911236,	0.00787911
435,	0.497721,	0.665522,	1,	0.812374,	0.0352036
436,	0.754816,	0.423598,	1,	1.05019,	0.00251909
437,	0.0324854,	0.394276,	0,	0.035829,	0.00128372
438,	0.873111,	0.494551,	1,	1.24625,	0.0606397
439,	0.0356982,	0.363759,	0,	0.0239996,	0.00057598
440,	0.0506637,	0.351821,	0,	0.0383938,	0.00147409
441,	0.0387805,	0.398038,	0,	0.0465564,	0.0021675
442,	0.0594387,	0.390265,	0,	0.0710807,	0.00505246
443,	0.582571,	0.454472,	1,	0.82912,	0.0292
444,	0.73895,	0.48159,	1,	1.05721,	0.00327312
445,	0.5417,	0.733168,	1,	0.902349,	0.00953569
446,	0.650583,	0.498485,	1,	0.94431,	0.00310133
447,	0.600541,	0.510716,	1,	0.881448,	0.0140546
448,	0.035374,	0.391377,	0,	0.0382913,	0.00146623
449,	0.0561196,	0.368773,	0,	0.0550363,	0.00302899
450,	0.0402106,	0.37088,	0,	0.034072,	0.0011609
451,	0.460093,	0.484483,	1,	0.674913,	0.105682
452,	0.0328486,	0.392707,	0,	0.0354976,	0.00126008
453,	0.0260389,	0.405503,	0,	0.0328632,	0.00107999
454,	0.401629,	0.577016,	1,	0.639141,	0.13022
455,	0.769906,	0.511812,	1,	1.11413,	0.0130254
456,	0.578886,	0.586443,	1,	0.887623,	0.0126285
457,	0.0289867,	0.371547,	0,	0.0188503,	0.000355335
458,	0.0252151,	0.363935,	0,	0.0095399,	9.10097e-05
459,	0.68367,	0.644673,	1,	1.05777,	0.00333707
460,	0.579392,	0.645379,	1,	0.915325,	0.00716989
461,	0.0460357,	0.359072,	0,	0.0358471,	0.00128502
462,	0.812136,	0.615848,	1,	1.22003,	0.0484142
463,	0.0393921,	0.360684,	0,	0.0274825,	0.000755289
464,	0.660103,	0.618706,	1,	1.01385,	0.000191797
465,	0.0549905,	0.367585,	0,	0.0528341,	0.00279144
466,	0.0408368,	0.415747,	0,	0.0587927,	0.00345658
467,	0.0274847,	0.389702,	0,	0.0264599,	0.000700125
468,	0.0277702,	0.378891,	0,	0.0210877,	0.000444692
469,	0.540853,	0.60497,	1,	0.843962,	0.024348
470,	0.0552528,	0.390175,	0,	0.0652251,	0.00425432
471,	0.0484143,	0.373204,	0,	0.0467012,	0.00218101
472,	0.725183,	0.493568,	1,	1.0442,	0.00195393
473,	0.459965,	0.65496,	1,	0.755771,	0.0596479
474,	0.0312579,	0.366498,	0,	0.0193012,	0.000372536
475,	0.567464,	0.630929,	1,	0.892421,	0.0115733
476,	0.0439915,	0.377049,	0,	0.0426133,	0.0018159
477,	0.594772,	0.451763,	1,	0.844585,	0.024154
478,	0.0403743,	0.392909,	0,	0.0460404,	0.00211972
479,	0.0332418,	0.365635,	0,	0.0215932,	0.000466266
480,	0.6123,	0.47147,	1,	0.878473,	0.0147688
481,	0.670541,	0.634635,	1,	1.03532,	0.0012478
482,	0.845292,	0.492049,	1,	1.20728,	0.0429637
483,	0.43676,	0.568776,	1,	0.683648,	0.100079
484,	0.586671,	0.598099,	1,	0.903726,	0.00926865
485,	0.0360062,	0.39382,	0,	0.040468,	0.00163766
486,	0.0476737,	0.409741,	0,	0.0650878,	0.00423642
487,	0.632317,	0.654387,	1,	0.991859,	6.62688e-05
488,	0.0339029,	0.394175,	0,	0.0377405,	0.00142434
489,	0.0337643,	0.380182,	0,	0.0300928,	0.000905574
490,	0.0412537,	0.399323,	0,	0.0506673,	0.00256717
491,	0.703938,	0.689417,	1,	1.10508,	0.011042
492,	0.0367417,	0.376848,	0,	0.0324449,	0.00105267
493,	0.80718,	0.35849,	1,	1.08841,	0.00781663
494,	0.0542,	0.396879,	0,	0.0673227,	0.00453234
495,	0.0550585,	0.416295,	0,	0.0787856,	0.00620717
496,	0.526357,	0.408735,	1,	0.728547,	0.0736866
497,	0.0528857,	0.399683,	0,	0.0669866,	0.0044872
498,	0.0648071,	0.38187,	0,	0.0740723,	0.0054867
499,	0.0388435,	0.377505,	0,	0.0357123,	0.00127537
500,	0.60492,	0.529277,	1,	0.896403,	0.0107323
501,	0.710221,	0.525824,	1,	1.03924,	0.00153969
502,	0.0341684,	0.372477,	0,	0.0265388,	0.000704307
503,	0.713716,	0.7024,	1,	1.12399,	0.0153741
504,	0.0553246,	0.380313,	0,	0.0600815,	0.00360979
505,	0.0515307,	0.405258,	0,	0.068061,	0.0046323
506,	0.0369532,	0.381613,	0,	0.0352807,	0.00124473
507,	0.0281323,	0.395485,	0,	0.0304375,	0.000926443
508,	0.686285,	0.587619,	1,	1.03546,	0.0012577
509,	0.0606934,	0.371568,	0,	0.062878,	0.00395364
510,	0.036835,	0.355736,	0,	0.0212798,	0.000452832
511,	0.341214,	0.522629,	1,	0.529354,	0.221507
512,	0.520844,	0.473637,	1,	0.753475,	0.0607745
513,	0.564948,	0.653786,	1,	0.899303,	0.0101398
514,	0.0342381,	0.394426,	0,	0.0383387,	0.00146985
515,	0.884225,	0.36244,	1,	1.19507,	0.0380532
516,	0.782682,	0.704208,	1,	1.21861,	0.04779
517,	0.527043,	0.298854,	1,	0.672484,	0.107267
518,	0.0575535,	0.397768,	0,	0.0724447,	0.00524824
519,	0.225127,	0.589807,	1,	0.402016,	0.357585
520,	0.433035,	0.745882,	1,	0.759324,	0.0579247
521,	0.0329764,	0.372724,	0,	0.0250167,	0.000625837
522,	0.455703,	0.517001,	1,	0.684813,	0.0993426
523,	0.0542439,	0.392321,	0,	0.0649649,	0.00422044
524,	0.766606,	0.450992,	1,	1.07997,	0.0063946
525,	0.934223,	0.467436,	1,	1.31573,	0.0996842
526,	0.046167,	0.393188,	0,	0.0542225,	0.00294008
527,	0.0688164,	0.406886,	0,	0.0928882,	0.00862822
528,	0.49555,	0.55646,	1,	0.758815,	0.0581701
529,	0.0456002,	0.403602,	0,	0.0589629,	0.00347662
530,	0.0252954,	0.363125,	0,	0.00921729,	8.49585e-05
531,	0.0374428,	0.390006,	0,	0.0404308,	0.00163465
532,	0.665456,	0.425336,	1,	0.928614,	0.00509597
533,	0.512063,	0.723749,	1,	0.857766,	0.0202306
534,	0.860114,	0.81696,	1,	1.36911,	0.136242
535,	0.954196,	0.572475,	1,	1.39269,	0.154205
536,	0.626643,	0.636601,	1,	0.976122,	0.000570168
537,	0.446556,	0.384391,	1,	0.605653,	0.15551
538,	0.793895,	0.788272,	1,	1.26838,	0.0720272
539,	0.853568,	0.364316,	1,	1.15449,	0.023867
540,	0.0493904,	0.371827,	0,	0.047322,	0.00223937
541,	0.705308,	0.375763,	1,	0.958123,	0.00175371
542,	0.033568,	0.354,	0,	0.0158112,	0.000249996
543,	0.600705,	0.629079,	1,	0.937176,	0.00394686
544,	0.0388665,	0.411637,	0,	0.0538883,	0.00290395
545,	0.042079,	0.365845,	0,	0.0339753,	0.00115432
546,	0.0522094,	0.381536,	0,	0.0564088,	0.00318195
547,	0.549225,	0.780786,	1,	0.932739,	0.00452403
548,	0.645317,	0.457165,	1,	0.916818,	0.00691932
549,	0.0338781,	0.396431,	0,	0.0389058,	0.00151366
550,	0.669146,	0.597919,	1,	1.01674,	0.000280269
551,	0.785729,	0.549671,	1,	1.15367,	0.0236148
552,	0.040718,	0.380778,	0,	0.0400588,	0.00160471
553,	0.0468714,	0.38445,	0,	0.0505529,	0.00255559
554,	0.618511,	0.555973,	1,	0.927772,	0.00521692
555,	0.486218,	0.494836,	1,	0.716111,	0.0805932
556,	0.623188,	0.458817,	1,	0.887205,	0.0127227
557,	0.652348,	0.322234,	1,	0.857618,	0.0202725
558,	0.0303083,	0.383208,	0,	0.0269132,	0.00072432
559,	0.0169738,	0.377655,	0,	0.00545118,	2.97154e-05
560,	0.689466,	0.514271,	1,	1.00528,	2.78636e-05
561,	0.0272493,	0.388596,	0,	0.0255443,	0.000652512
562,	0.0552775,	0.391979,	0,	0.0662172,	0.00438472
563,	0.764521,	0.433297,	1,	1.06831,	0.00466654
564,	0.789922,	0.484069,	1,	1.12803,	0.0163921
565,	0.0348398,	0.399665,	0,	0.0419577,	0.00176045
566,	0.0464785,	0.375406,	0,	0.0451885,	0.002042
567,	0.718679,	0.574841,	1,	1.07387,	0.00545674
568,	0.506228,	0.807063,	1,	0.885039,	0.0132161
569,	0.0435192,	0.375364,	0,	0.041059,	0.00168584
570,	0.0373042,	0.371951,	0,	0.0306105,	0.000937
571,	0.622397,	0.600661,	1,	0.953936,	0.00212194
572,	0.779368,	0.429249,	1,	1.08656,	0.00749216
573,	0.0206787,	0.377902,	0,	0.0107224,	0.00011497
574,	0.500785,	0.660517,	1,	0.814322,	0.0344763
575,	0.0421352,	0.381727,	0,	0.0425307,	0.00180886
576,	0.0498956,	0.360651,	0,	0.0420532,	0.00176847
577,	0.719758,	0.295719,	1,	0.936103,	0.00408279
578,	0.809991,	0.755665,	1,	1.27706,	0.0767621
579,	0.0309937,	0.342504,	0,	0.00605957,	3.67184e-05
580,	0.0359404,	0.386941,	0,	0.0367151,	0.001348
581,	0.0511489,	0.374569,	0,	0.0512254,	0.00262404
582,	0.926865,	0.525931,	1,	1.33404,	0.111585
583,	0.0399638,	0.393639,	0,	0.0458595,	0.0021031
584,	0.0485658,	0.411128,	0,	0.0670583,	0.00449681
585,	0.0462521,	0.372051,	0,	0.0430845,	0.00185627
586,	0.0482004,	0.367506,	0,	0.0433629,	0.00188034
587,	0.817594,	0.4358,	1,	1.14194,	0.0201461
588,	0.58293,	0.410431,	1,	0.807507,	0.0370535
589,	0.0158243,	0.383539,	0,	0.00700315,	4.90441e-05
590,	0.716597,	0.741303,	1,	1.14434,	0.0208331
591,	0.0317938,	0.37941,	0,	0.026947,	0.000726138
592,	0.0364671,	0.360157,	0,	0.0231383,	0.000535382
593,	0.028381,	0.37997,	0,	0.0225115,	0.000506766
594,	0.551875,	0.708655,	1,	0.905665,	0.00889908
595,	0.0423827,	0.394886,	0,	0.0498764,	0.00248765
596,	0.04406,	0.375759,	0,	0.0420201,	0.00176569
597,	0.0415225,	0.367819,	0,	0.0342577,	0.00117359
598,	0.509089,	0.487391,	1,	0.744031,	0.0655203
599,	0.467639,	0.432235,	1,	0.659243,	0.116115
600,	0.0567102,	0.374898,	0,	0.0591218,	0.00349539
601,	0.567323,	0.471231,	1,	0.816406,	0.0337067
602,	0.613201,	0.934545,	1,	1.07956,	0.00633024
603,	0.514962,	0.794891,	1,	0.891904,	0.0116847
604,	0.533113,	0.4549,	1,	0.761111,	0.057068
605,	0.0278589,	0.384298,	0,	0.0240976,	0.000580694
606,	0.675917,	0.420497,	1,	0.940546,	0.00353474
607,	0.629387,	0.491098,	1,	0.911594,	0.00781567
608,	0.557396,	0.514837,	1,	0.824043,	0.0309609
609,	0.729637,	0.49354,	1,	1.05028,	0.00252847
610,	0.443318,	0.59927,	1,	0.707119,	0.085779
611,	0.594181,	0.326868,	1,	0.779958,	0.0484187
612,	0.725853,	0.594662,	1,	1.09281,	0.00861371
613,	0.0455399,	0.370276,	0,	0.041148,	0.00169316
614,	0.0471309,	0.359061,	0,	0.0373621,	0.00139593
615,	0.0518829,	0.41492,	0,	0.0736589,	0.00542563
616,	0.0323484,	0.366305,	0,	0.0207119,	0.000428981
617,	0.0314107,	0.38733,	0,	0.0306403,	0.000938826
618,	0.888843,	0.578279,	1,	1.30706,	0.0942844
619,	0.741717,	0.510563,	1,	1.07502,	0.0056284
620,	0.0402446,	0.378449,	0,	0.0381598,	0.00145617
621,	0.643422,	0.622194,	1,	0.992591,	5.48916e-05
622,	0.0435484,	0.403898,	0,	0.0562754,	0.00316692
623,	0.0417867,	0.385433,	0,	0.0440214,	0.00193789
624,	0.344041,	0.612232,	1,	0.576529,	0.179327
625,	0.68685,	0.371878,	1,	0.930809,	0.00478734
626,	0.0423354,	0.383376,	0,	0.0436874,	0.00190859
627,	0.739228,	0.548757,	1,	1.08978,	0.00805957
628,	0.768281,	0.325754,	1,	1.0183,	0.00033472
629,	0.784019,	0.567233,	1,	1.15954,	0.025452
630,	0.0507921,	0.381424,	0,	0.0543825,	0.00295746
631,	0.749241,	0.591766,	1,	1.12342,	0.0152324
632,	0.0351037,	0.397514,	0,	0.0411804,	0.00169583
633,	0.541152,	0.579363,	1,	0.832438,	0.028077
634,	0.847462,	0.366822,	1,	1.1475,	0.0217554
635,	0.464274,	0.472976,	1,	0.674991,	0.105631
636,	0.546836,	0.637216,	1,	0.866971,	0.0176967
637,	0.0498792,	0.381937,	0,	0.0533887,	0.00285035
638,	0.479163,	0.204035,	1,	0.555282,	0.197774
639,	0.800687,	0.710997,	1,	1.24593,	0.0604825
640,	0.85088,	0.643916,	1,	1.28513,	0.0813019
641,	0.0478728,	0.344792,	0,	0.0307465,	0.000945349
642,	0.0487743,	0.363634,	0,	0.0420907,	0.00177163
643,	0.775823,	0.270302,	1,	0.999111,	7.89558e-07
644,	0.746901,	0.629579,	1,	1.13735,	0.0188662
645,	0.0249604,	0.360717,	0,	0.00746127,	5.56706e-05
646,	0.510832,	0.405863,	1,	0.705625,	0.0866565
647,	0.673169,	0.579896,	1,	1.01393,	0.000194141
648,	0.0344083,	0.365311,	0,	0.0230391,	0.000530801
649,	0.0398841,	0.389979,	0,	0.0438022,	0.00191863
650,	0.655308,	0.570356,	1,	0.985017,	0.000224503
651,	0.0349564,	0.374202,	0,	0.0285544,	0.000815353
652,	0.64505,	0.450613,	1,	0.913201,	0.00753415
653,	0.631167,	0.559348,	1,	0.94674,	0.00283668
654,	0.373853,	0.24221,	1,	0.429715,	0.325225
655,	0.0549293,	0.385108,	0,	0.062084,	0.00385442
656,	0.0198082,	0.388165,	0,	0.014997,	0.000224909
657,	0.772919,	0.496746,	1,	1.11099,	0.0123177
658,	0.623058,	0.4504,	1,	0.88285,	0.0137241
659,	0.0454941,	0.354234,	0,	0.0325037,	0.00105649
660,	0.646244,	0.358822,	1,	0.86829,	0.0173476
661,	0.05746,	0.389251,	0,	0.0677967,	0.00459639
662,	0.786434,	0.446982,	1,	1.10504,	0.0110338
663,	0.574705,	0.471483,	1,	0.826705,	0.0300313
664,	0.873188,	0.449438,	1,	1.22426,	0.050293
665,	0.017611,	0.382328,	0,	0.00883342,	7.80294e-05
666,	0.509529,	0.55589,	1,	0.777805,	0.0493706
667,	0.599714,	0.299157,	1,	0.772998,	0.0515299
668,	0.587089,	0.444015,	1,	0.830137,	0.0288536
669,	0.0352902,	0.366746,	0,	0.0250317,	0.000626586
670,	0.0329241,	0.393819,	0,	0.0361941,	0.00131001
671,	0.020894,	0.353481,	0,	-0.00206947,	4.2827e-06
672,	0.0294911,	0.380824,	0,	0.0245073,	0.000600608
673,	0.0428236,	0.452916,	0,	0.0811103,	0.00657888
674,	0.593131,	0.475985,	1,	0.854307,	0.0212264
675,	0.669896,	0.485835,	1,	0.96467,	0.00124822
676,	0.445707,	0.45653,	1,	0.641108,	0.128803
677,	0.0367838,	0.385537,	0,	0.0371372,	0.00137917
678,	0.462354,	0.484012,	1,	0.677805,	0.103809
679,	0.694781,	0.565,	1,	1.03659,	0.0013391
680,	0.416694,	0.778357,	1,	0.751007,	0.0619973
681,	0.0472156,	0.38657,	0,	0.0521585,	0.00272051
682,	0.0185799,	0.378167,	0,	0.00795263,	6.32444e-05
683,	0.0390723,	0.400676,	0,	0.0483615,	0.00233884
684,	0.652939,	0.712481,	1,	1.04542,	0.00206321
685,	0.711533,	0.595762,	1,	1.07374,	0.00543831
686,	0.575492,	0.412645,	1,	0.798371,	0.0406544
687,	0.629152,	0.565723,	1,	0.946968,	0.00281237
688,	0.0457171,	0.365058,	0,	0.0386062,	0.00149044
689,	0.04186,	0.393456,	0,	0.0483916,	0.00234175
690,	0.801308,	0.418631,	1,	1.11115,	0.0123534
691,	0.673292,	0.409768,	1,	0.931526,	0.00468866
692,	0.0228905,	0.368331,	0,	0.00866874,	7.51471e-05
693,	0.718383,	0.382512,	1,	0.979499,	0.00042029
694,	0.770946,	0.602299,	1,	1.15783,	0.0249105
695,	0.0502645,	0.383331,	0,	0.0546654,	0.00298831
696,	0.580512,	0.43822,	1,	0.818173,	0.033061
697,	0.0449038,	0.374393,	0,	0.0424627,	0.00180308
698,	0.587255,	0.468724,	1,	0.842635,	0.0247639
699,	0.0441043,	0.371572,	0,	0.0398471,	0.00158779
700,	0.0422068,	0.399282,	0,	0.051967,	0.00270057
701,	0.768076,	0.638855,	1,	1.17035,	0.0290195
702,	0.425652,	0.682537,	1,	0.721176,	0.077743
703,	0.0576269,	0.377688,	0,	0.0618801,	0.00382915
704,	0.693179,	0.481271,	1,	0.994379,	3.15957e-05
705,	0.0241705,	0.380833,	0,	0.0171319,	0.000293503
706,	0.0592149,	0.406485,	0,	0.0793633,	0.00629853
707,	0.0508964,	0.352175,	0,	0.0389068,	0.00151374
708,	0.777638,	0.724816,	1,	1.22044,	0.0485928
709,	0.547556,	0.528635,	1,	0.817146,	0.0334357
710,	0.0470706,	0.390143,	0,	0.0538573,	0.0029006
711,	0.0385398,	0.384825,	0,	0.0391937,	0.00153614
712,	0.96477,	0.663584,	1,	1.44759,	0.200338
713,	0.0238421,	0.367983,	0,	0.00980306,	9.61001e-05
714,	0.0529916,	0.395809,	0,	0.0650791,	0.00423528
715,	0.0537997,	0.403852,	0,	0.0704624,	0.00496495
716,	0.551388,	0.675131,	1,	0.890253,	0.0120443
717,	0.746887,	0.435935,	1,	1.04553,	0.00207291
718,	0.611123,	0.512006,	1,	0.896626,	0.0106862
719,	0.402579,	0.607068,	1,	0.65469,	0.119239
720,	0.0494379,	0.348808,	0,	0.0350759,	0.00123032
721,	0.646795,	0.466692,	1,	0.923557,	0.00584358
722,	0.453762,	0.360491,	1,	0.603289,	0.15738
723,	0.0525321,	0.341274,	0,	0.0353349,	0.00124856
724,	0.048615,	0.378397,	0,	0.0497488,	0.00247495
725,	0.048638,	0.408019,	0,	0.0655134,	0.004292
726,	0.060047,	0.404361,	0,	0.0793936,	0.00630334
727,	0.573818,	0.4722,	1,	0.825836,	0.0303331
728,	0.029844,	0.395824,	0,	0.0329909,	0.0010884
729,	0.742184,	0.616297,	1,	1.12495,	0.015612
730,	0.0438455,	0.402356,	0,	0.05587,	0.00312146
731,	0.0375427,	0.378246,	0,	0.0343023,	0.00117665
732,	0.0464808,	0.393272,	0,	0.0547021,	0.00299232
733,	0.577967,	0.635665,	1,	0.90898,	0.00828457
734,	0.0427362,	0.380928,	0,	0.0429389,	0.00184375
735,	0.0431859,	0.410658,	0,	0.0593543,	0.00352294
736,	0.799889,	0.4822,	1,	1.14071,	0.0197986
737,	0.0429363,	0.383939,	0,	0.0448206,	0.00200889
738,	0.0365363,	0.377735,	0,	0.0326332,	0.00106492
739,	0.0273723,	0.368816,	0,	0.0151489,	0.000229488
740,	0.791816,	0.507208,	1,	1.1418,	0.0201086
741,	0.047085,	0.343414,	0,	0.0289118,	0.000835891
742,	0.0495331,	0.363453,	0,	0.043048,	0.00185313
743,	0.0584585,	0.366691,	0,	0.0571737,	0.00326883
744,	0.0566723,	0.38799,	0,	0.0660341,	0.0043605
745,	0.590602,	0.708232,	1,	0.958442,	0.00172703
746,	0.0442941,	0.36331,	0,	0.0356953,	0.00127415
747,	0.888758,	0.466626,	1,	1.25385,	0.0644388
748,	0.0481778,	0.370015,	0,	0.044671,	0.0019955
749,	0.0491093,	0.374552,	0,	0.0483851,	0.00234112
750,	0.576557,	0.492874,	1,	0.839759,	0.0256771
751,	0.0575971,	0.386198,	0,	0.0663651,	0.00440433
752,	0.612354,	0.638582,	1,	0.95744,	0.00181136
753,	0.0512585,	0.37277,	0,	0.0504183,	0.00254201
754,	0.681375,	0.439855,	1,	0.957738,	0.00178609
755,	0.545635,	0.345587,	1,	0.722714,	0.0768876
756,	0.0502048,	0.372071,	0,	0.0485828,	0.00236029
757,	0.732583,	0.478192,	1,	1.04684,	0.00219414
758,	0.050682,	0.384958,	0,	0.0561104,	0.00314838
759,	0.0461598,	0.373945,	0,	0.0439668,	0.00193308
760,	0.555274,	0.589731,	1,	0.856705,	0.0205333
761,	0.0406177,	0.366671,	0,	0.032388,	0.00104898
762,	0.0382961,	0.384124,	0,	0.0384817,	0.00148084
763,	0.919023,	0.478326,	1,	1.30053,	0.0903182
764,	0.526685,	0.691492,	1,	0.863657,	0.0185893
765,	0.049155,	0.381761,	0,	0.05229,	0.00273425
766,	0.896069,	0.365109,	1,	1.21248,	0.0451491
767,	0.626388,	0.490456,	1,	0.907158,	0.00861961
768,	0.469763,	0.671593,	1,	0.776751,	0.04984
769,	0.0187957,	0.383127,	0,	0.0109033,	0.000118882
770,	0.770372,	0.461063,	1,	1.09009,	0.00811539
771,	0.0471027,	0.361574,	0,	0.0386677,	0.00149519
772,	0.050392,	0.376832,	0,	0.0513812,	0.00264003
773,	0.0557718,	0.404704,	0,	0.0736478,	0.00542401
774,	0.595126,	0.662807,	1,	0.944689,	0.00305929
775,	0.590757,	0.614312,	1,	0.916798,	0.00692262
776,	0.571583,	0.610108,	1,	0.888548,	0.0124215
777,	0.772085,	0.490212,	1,	1.10668,	0.0113809
778,	0.0669026,	0.367969,	0,	0.0695837,	0.00484189
779,	0.607826,	0.562017,	1,	0.915944,	0.00706534
780,	0.632517,	0.453786,	1,	0.897543,	0.0104973
781,	0.853082,	0.614308,	1,	1.27495,	0.0755987
782,	0.0373837,	0.367747,	0,	0.0284734,	0.000810732
783,	0.0486125,	0.390136,	0,	0.0559925,	0.00313516
784,	0.70956,	0.556863,	1,	1.05301,	0.00281048
785,	0.60775,	0.507893,	1,	0.889999,	0.0121003
786,	0.461841,	0.558502,	1,	0.713324,	0.0821832
787,	0.685313,	0.49451,	1,	0.990042,	9.91601e-05
788,	0.0308268,	0.379335,	0,	0.0255654,	0.000653587
789,	0.0453605,	0.375283,	0,	0.0435715,	0.00189847
790,	0.397775,	0.664612,	1,	0.674783,	0.105766
791,	0.781137,	0.452975,	1,	1.10079,	0.0101578
792,	0.0260171,	0.387316,	0,	0.023153,	0.000536061
793,	0.833953,	0.426552,	1,	1.15957,	0.0254613
794,	0.760902,	0.494628,	1,	1.09355,	0.00875199
795,	0.0314859,	0.381124,	0,	0.027435,	0.000752678
796,	0.0694093,	0.40084,	0,	0.0905151,	0.00819298
797,	0.0480458,	0.401557,	0,	0.0612688,	0.00375387
798,	0.619117,	0.457846,	1,	0.881123,	0.0141316
799,	0.818572,	0.612605,	1,	1.22732,	0.0516752
800,	0.0550304,	0.384382,	0,	0.061838,	0.00382393
801,	0.0384286,	0.394786,	0,	0.0443401,	0.00196605
802,	0.885865,	0.552511,	1,	1.29109,	0.084733
803,	0.858241,	0.422064,	1,	1.19031,	0.0362173
804,	0.0287892,	0.42093,	0,	0.0448508,	0.00201159
805,	0.0139714,	0.402841,	0,	0.0147303,	0.000216982
806,	0.045841,	0.346706,	0,	0.0289496,	0.000838081
807,	0.585697,	0.57386,	1,	0.891103,	0.0118585
808,	0.0337897,	0.388496,	0,	0.0345605,	0.00119443
809,	0.0144072,	0.361696,	0,	-0.00666275,	4.43922e-05
810,	0.653358,	0.588485,	1,	0.990766,	8.52632e-05
811,	0.526905,	0.6431,	1,	0.842286,	0.0248736
812,	0.043473,	0.380316,	0,	0.0436355,	0.00190405
813,	0.710617,	0.620558,	1,	1.08377,	0.00701764
814,	0.0310928,	0.399455,	0,	0.0366527,	0.00134342
815,	0.440289,	0.464548,	1,	0.637621,	0.131319
816,	0.0284581,	0.390423,	0,	0.028194,	0.000794901
817,	0.381333,	0.535848,	1,	0.591272,	0.167059
818,	0.841485,	0.363316,	1,	1.13757,	0.0189246
819,	0.0501598,	0.343982,	0,	0.0334908,	0.00112163
820,	0.48163,	0.560464,	1,	0.74154,	0.0668017
821,	0.0525016,	0.386462,	0,	0.0594352,	0.00353254
822,	0.0301654,	0.40405,	0,	0.0378086,	0.00142949
823,	0.0411966,	0.376813,	0,	0.0386083,	0.0014906
824,	0.0415484,	0.388332,	0,	0.0452343,	0.00204614
825,	0.74449,	0.786531,	1,	1.20071,	0.0402858
826,	0.0362671,	0.373134,	0,	0.0298027,	0.000888203
827,	0.0596694,	0.380163,	0,	0.0660328,	0.00436034
828,	0.913287,	0.561361,	1,	1.33232,	0.110438
829,	0.495874,	0.304307,	1,	0.632225,	0.135258
830,	0.70318,	0.534915,	1,	1.03393,	0.00115094
831,	0.0421443,	0.391809,	0,	0.0479104,	0.0022954
832,	0.788473,	0.544753,	1,	1.1551,	0.0240565
833,	0.0357419,	0.356589,	0,	0.020219,	0.000408809
834,	0.778717,	0.700498,	1,	1.21164,	0.0447934
835,	0.0461772,	0.37769,	0,	0.0459881,	0.00211491
836,	0.645863,	0.502794,	1,	0.939917,	0.00360994
837,	0.587372,	0.655585,	1,	0.930844,	0.00478259
838,	0.895905,	0.597822,	1,	1.32554,	0.105973
839,	0.582777,	0.391257,	1,	0.797541,	0.0409897
840,	0.782188,	0.471998,	1,	1.11159,	0.0124515
841,	0.0406988,	0.374766,	0,	0.0368249,	0.00135607
842,	0.0415411,	0.387204,	0,	0.0446236,	0.00199126
843,	0.580548,	0.535767,	1,	0.865988,	0.0179593
844,	0.705884,	0.52208,	1,	1.03151,	0.000993106
845,	0.0631641,	0.352492,	0,	0.0561248,	0.00315
846,	0.716388,	0.554846,	1,	1.06141,	0.00377102
847,	0.781505,	0.66302,	1,	1.19928,	0.0397109
848,	0.0493285,	0.395524,	0,	0.0598472,	0.00358169
849,	0.0331816,	0.369081,	0,	0.0233535,	0.000545386
850,	0.0451347,	0.401285,	0,	0.0570892,	0.00325917
851,	0.709639,	0.662335,	1,	1.10105,	0.0102114
852,	0.0512151,	0.391303,	0,	0.0602229,	0.0036268
853,	0.0429533,	0.360983,	0,	0.0325883,	0.001062
854,	0.705149,	0.520632,	1,	1.02981,	0.000888905
855,	0.0543542,	0.409643,	0,	0.0742949,	0.00551973
856,	0.599847,	0.45422,	1,	0.852795,	0.0216692
857,	0.649633,	0.537554,	1,	0.961775,	0.00146114
858,	0.0452072,	0.362431,	0,	0.0364931,	0.00133175
859,	0.0370099,	0.36186,	0,	0.0248039,	0.000615235
860,	0.047141,	0.380937,	0,	0.0490563,	0.00240652
861,	0.679192,	0.580228,	1,	1.02234,	0.000498903
862,	0.0451802,	0.372782,	0,	0.0419863,	0.00176285
863,	0.0481221,	0.391659,	0,	0.0561215,	0.00314962
864,	0.0308881,	0.360481,	0,	0.0155651,	0.000242271
865,	0.523919,	0.636837,	1,	0.835338,	0.0271135
866,	0.0472179,	0.404113,	0,	0.0614762,	0.00377932
867,	0.495632,	0.401804,	1,	0.682533,	0.100785
868,	0.0508018,	0.362798,	0,	0.0444598,	0.00197668
869,	0.530077,	0.493993,	1,	0.776234,	0.0500714
870,	0.027603,	0.37543,	0,	0.0190068,	0.000361259
871,	0.0397351,	0.398577,	0,	0.048166,	0.00231996
872,	0.0224675,	0.386205,	0,	0.017638,	0.0003111
873,	0.0500814,	0.364799,	0,	0.0445285,	0.00198279
874,	0.754227,	0.552853,	1,	1.11219,	0.0125859
875,	0.815432,	0.578507,	1,	1.20752,	0.0430652
876,	0.648125,	0.360108,	1,	0.871542,	0.0165015
877,	0.0373888,	0.370392,	0,	0.0298947,	0.000893692
878,	0.57794,	0.648698,	1,	0.914827,	0.00725436
879,	0.579745,	0.585624,	1,	0.888422,	0.0124497
880,	0.0225312,	0.376204,	0,	0.0123839,	0.000153362
881,	0.716005,	0.385554,	1,	0.977798,	0.000492915
882,	0.0407021,	0.367033,	0,	0.0326983,	0.00106918
883,	0.522604,	0.459928,	1,	0.749105,	0.0629484
884,	0.720212,	0.351554,	1,	0.966044,	0.00115303
885,	0.0369369,	0.378536,	0,	0.0336164,	0.00113006
886,	0.419682,	0.395373,	1,	0.574043,	0.181439
887,	0.0484257,	0.392077,	0,	0.0567647,	0.00322223
888,	0.744986,	0.732484,	1,	1.17927,	0.0321381
889,	0.0350079,	0.352471,	0,	0.0169912,	0.0002887
890,	0.0509604,	0.395862,	0,	0.0622898,	0.00388002
891,	0.0311091,	0.393634,	0,	0.0335789,	0.00112754
892,	0.798317,	0.55898,	1,	1.17518,	0.0306871
893,	0.703834,	0.553579,	1,	1.04364,	0.00190416
894,	0.0473825,	0.336262,	0,	0.0254834,	0.000649402
895,	0.391855,	0.568795,	1,	0.621729,	0.143089
896,	0.0635666,	0.362754,	0,	0.0621679,	0.00386484
897,	0.0453628,	0.390781,	0,	0.0518278,	0.00268613
898,	0.0326561,	0.395351,	0,	0.0366376,	0.00134232
899,	0.603635,	0.517281,	1,	0.888873,	0.0123493
900,	0.507341,	0.587799,	1,	0.789874,	0.0441531
901,	0.0355857,	0.380916,	0,	0.0330113,	0.00108974
902,	0.737517,	0.571432,	1,	1.09803,	0.00961035
903,	0.72328,	0.574516,	1,	1.08001,	0.00640128
904,	0.740216,	0.452274,	1,	1.04453,	0.001983
905,	0.0397207,	0.408638,	0,	0.0534833,	0.00286046
906,	0.406297,	0.572968,	1,	0.643644,	0.126989
907,	0.0422318,	0.373766,	0,	0.0384193,	0.00147605
908,	0.791312,	1,	1,	1.34181,	0.116834
909,	0.0236993,	0.363592,	0,	0.00725205,	5.25922e-05
910,	0.478436,	0.801325,	1,	0.844825,	0.0240792
911,	0.474958,	0.570418,	1,	0.73708,	0.0691271
912,	0.633515,	0.800218,	1,	1.05546,	0.00307577
913,	0.667825,	0.737053,	1,	1.07615,	0.00579841
914,	0.0376015,	0.344441,	0,	0.0162831,	0.000265139
915,	0.045339,	0.393397,	0,	0.053185,	0.00282865
916,	0.748581,	0.471945,	1,	1.06566,	0.0043116
917,	0.0400414,	0.393076,	0,	0.0456677,	0.00208554
918,	0.0354345,	0.367013,	0,	0.0253749,	0.000643883
919,	0.59654,	0.682009,	1,	0.955121,	0.00201416
920,	0.054435,	0.376151,	0,	0.0566304,	0.003207
921,	0.0427742,	0.385004,	0,	0.0451629,	0.00203969
922,	0.613295,	0.676131,	1,	0.97546,	0.000602187
923,	0.553767,	0.450582,	1,	0.787465,	0.0451712
924,	0.658255,	0.368664,	1,	0.889883,	0.0121258
925,	0.533478,	0.465007,	1,	0.76664,	0.0544571
926,	0.541114,	0.497261,	1,	0.793054,	0.0428265
927,	0.0326315,	0.394443,	0,	0.0361202,	0.00130467
928,	0.659273,	0.780948,	1,	1.08267,	0.00683506
929,	0.58923,	0.666393,	1,	0.93821,	0.00381805
930,	0.370469,	0.541926,	1,	0.579226,	0.177051
931,	0.031175,	0.365608,	0,	0.0187096,	0.000350048
932,	0.0437093,	0.379624,	0,	0.0435946,	0.00190049
933,	0.0307736,	0.367626,	0,	0.0192329,	0.000369903
934,	0.0382041,	0.413365,	0,	0.0538851,	0.0029036
935,	0.70713,	0.69872,	1,	1.11344,	0.0128685
936,	0.0291046,	0.426116,	0,	0.0480295,	0.00230683
937,	0.562835,	0.475257,	1,	0.812205,	0.035267
938,	0.714187,	0.492016,	1,	1.0284,	0.000806438
939,	0.804435,	0.431448,	1,	1.12184,	0.0148451
940,	0.857546,	0.54477,	1,	1.24906,	0.0620328
941,	0.0497503,	0.366044,	0,	0.0447343,	0.00200116
942,	0.634059,	0.637825,	1,	0.986829,	0.000173465
943,	0.0319382,	0.404599,	0,	0.0405567,	0.00164485
944,	0.616935,	0.531087,	1,	0.913786,	0.00743287
945,	0.676103,	0.70817,	1,	1.07518,	0.00565232
946,	0.032677,	0.37578,	0,	0.0262341,	0.000688227
947,	0.50459,	0.596339,	1,	0.790084,	0.0440646
948,	0.666148,	0.612975,	1,	1.01952,	0.000380999
949,	0.0191207,	0.370189,	0,	0.00443276,	1.96494e-05
950,	0.0508252,	0.392938,	0,	0.0605506,	0.00366637
951,	0.900559,	0.679204,	1,	1.36771,	0.135208
952,	0.0428583,	0.411866,	0,	0.0595396,	0.00354497
953,	0.453144,	0.495985,	1,	0.670982,	0.108253
954,	0.729016,	0.586396,	1,	1.09334,	0.00871149
955,	0.0303379,	0.393084,	0,	0.0322171,	0.00103794
956,	0.0356693,	0.390137,	0,	0.038041,	0.00144712
957,	0.0397098,	0.373995,	0,	0.035041,	0.00122787
958,	0.0278637,	0.374986,	0,	0.019131,	0.000365996
959,	0.645753,	0.436244,	1,	0.907005,	0.00864807
960,	0.501663,	0.415631,	1,	0.697909,	0.0912588
961,	0.56609,	0.399849,	1,	0.7789,	0.0488851
962,	0.600321,	0.553488,	1,	0.901608,	0.00968106
963,	0.678475,	0.417161,	1,	0.942377,	0.00332041
964,	0.720272,	0.456812,	1,	1.01948,	0.000379509
965,	0.518661,	0.628648,	1,	0.824374,	0.0308445
966,	0.0318174,	0.391992,	0,	0.033687,	0.00113481
967,	0.703114,	0.428354,	1,	0.981805,	0.000331061
968,	0.0352714,	0.383928,	0,	0.0341813,	0.00116836
969,	0.527861,	0.368152,	1,	0.70984,	0.084193
970,	0.459854,	0.53608,	1,	0.699806,	0.0901163
971,	0.803296,	0.510354,	1,	1.15896,	0.0252684
972,	0.782616,	0.604904,	1,	1.17491,	0.0305949
973,	0.034206,	0.383889,	0,	0.0326827,	0.00106816
974,	0.532233,	0.486016,	1,	0.775296,	0.050492
975,	0.717686,	0.568767,	1,	1.06969,	0.00485665
976,	0.731341,	0.37198,	1,	0.991837,	6.66402e-05
977,	0.656896,	0.40952,	1,	0.908878,	0.00830324
978,	0.0278244,	0.389896,	0,	0.0270344,	0.00073086
979,	0.705859,	0.517506,	1,	1.02929,	0.000857867
980,	0.66581,	0.379045,	1,	0.9056,	0.00891129
981,	0.0427736,	0.365405,	0,	0.0347044,	0.0012044
982,	0.0297695,	0.346455,	0,	0.00648307,	4.20302e-05
983,	0.0410208,	0.382093,	0,	0.0411799,	0.00169578
984,	0.446694,	0.727148,	1,	0.769828,	0.0529789
985,	0.470044,	0.650741,	1,	0.76769,	0.0539679
986,	0.0133336,	0.410069,	0,	0.0176917,	0.000312997
987,	0.928231,	0.483263,	1,	1.31538,	0.0994633
988,	0.730143,	0.255816,	1,	0.928953,	0.00504766
989,	0.0430614,	0.363663,	0,	0.0341722,	0.00116774
990,	0.0331631,	0.380371,	0,	0.0293597,	0.000861993
991,	0.741997,	0.514635,	1,	1.07736,	0.00598448
992,	0.886417,	0.620105,	1,	1.32272,	0.10415
993,	0.873133,	0.471998,	1,	1.2353,	0.0553683
994,	0.0500994,	0.384092,	0,	0.0548414,	0.00300758
995,	0.0571778,	0.385583,	0,	0.0654566,	0.00428456
996,	0.615006,	0.570756,	1,	0.929908,	0.00491295
997,	0.699886,	0.506936,	1,	1.01603,	0.000256876
998,	0.829889,	0.307522,	1,	1.09256,	0.00856806
999,	0.630915,	0.495769,	1,	0.915969,	0.00706119
